1.25126
563.585
193.304
808.741
585.009
479.873
350.291
895.962
822.84
746.605
174.108
858.943
710.501
513.535
303.995
14.9846
91.4029
364.452
147.313
165.899
988.525
445.692
119.083
4.66933
8.9114
377.88
531.663
571.184
601.764
607.166
166.234
663.045
450.789
352.123
57.0391
607.685
783.319
802.606
519.883
301.95
875.973
726.676
955.901
925.718
539.354
142.338
462.081
235.328
862.239
209.601
779.656
843.654
996.796
999.695
611.499
392.438
266.213
297.281
840.144
23.7434
375.866
92.6237
677.206
56.2151
8.78933
918.79
275.887
272.897
587.909
691.183
837.611
726.493
484.939
205.359
743.736
468.459
457.961
949.156
744.438
108.28
599.048
385.235
735.008
608.966
572.405
361.339
151.555
225.105
425.153
802.881
517.106
989.99
751.549
345.561
168.981
657.308
491.897
63.5395
699.759
504.807
147.496
949.583
141.575
905.118
692.892
303.049
426.557
70.3757
966.613
683.187
153.233
877.255
821.68
582.049
191.351
177.892
817.194
475.265
155.553
503.922
732.017
405.591
279.58
568.743
682.241
755.852
721.915
475.295
123.02
367.809
834.681
35.0963
517.014
662.984
426.222
104.678
949.339
921.384
549.547
345.988
471.725
374.981
846.98
316.874
456.099
271.889
982.971
297.8
739.189
567.278
195.99
761.315
839.442
397.656
500.9
890.164
27.4667
994.629
572.588
50.5081
531.327
194.067
843.043
626.759
657.613
197.851
842.158
123.325
109.928
743.126
314.066
941.069
286.081
336.314
140.263
733.085
834.62
707.999
600.238
747.215
252.724
144.475
1.61748
61.0065
806.238
852.626
210.578
115.604
553.209
14.2521
113.773
454.512
752.22
686.148
543.443
73.8853
436.72
201.941
696.219
290.353
436.689
232.429
577.868
532.579
628.681
160.192
504.135
963.042
695.761
924.802
189.947
335.948
178.35
995.178
457.442
998.016
97.5066
625.172
94.3937
437.727
931.516
48.4329
894.62
290.017
227.302
769.066
410.718
201.971
628.071
604.144
451.613
466.353
597.827
634.724
854.793
828.791
624.775
720.908
565.752
375.134
184.271
737.907
555.132
905.087
242.866
188.94
604.724
698.508
584.613
351.299
494.461
80.3858
740.745
612.049
620.38
691.122
804.529
149.113
576.037
867.733
911.557
614.704
727.683
43.2142
667.776
976.531
315.012
569.201
305.826
173.925
108.554
869.045
851.222
744.316
154.881
326.914
79.3481
76.6015
640.98
820.002
545.091
448.256
408.979
298.746
465.56
501.205
152.654
323.038
737.999
313.883
826.685
959.075
873.348
725.028
300.058
943.999
127.232
65.7369
784.967
524.583
609.638
956.114
72.2678
875.637
653.859
322.123
104.801
505.051
227.088
290.292
919.98
551.164
662.801
114.536
492.538
379.131
496.811
793.359
509.262
382.366
688.162
532.151
606.281
395.184
5.89007
707.877
100.62
623.066
863.247
491.501
747.337
496.902
380.108
785.363
552.812
357.097
955.718
630.848
176.58
374.248
131.626
743.278
951.72
611.988
27.8329
329.844
55.9099
639.21
131.626
847.072
864.315
596.881
721.641
853.969
14.6794
126.469
707.907
617.145
217.566
65.9505
168.92
624.104
340.983
319.407
367.565
661
802.393
806.879
526.536
611.103
798.181
900.601
144.81
630.177
402.417
253.7
136.54
855.19
66.1641
427.808
573.351
302.286
548.051
225.562
311.35
110.63
808.039
134.709
284.249
788.11
895.23
789.636
743.797
615.223
361.126
856.655
228.492
863.582
229.438
249.55
542.405
984.832
53.8041
81.4234
524.674
426.801
94.6684
258.797
891.537
232.765
146.55
125.095
931.639
80.1111
47.0901
58.7176
336.406
914.701
398.602
432.783
946.165
837.184
534.227
842.097
693.533
397.687
259.163
4.33363
525.59
954.802
398.694
241.096
585.559
255.135
684.011
945.28
435.499
890.225
7.17185
940.977
601.55
786.157
576.678
142.43
222.327
383.007
4.27259
417.92
82.2474
659.932
855.098
64.8518
811.06
662.069
691.488
802.698
530.137
685.629
142.766
689.505
727.897
777.734
31.0678
868.679
644.52
706.565
85.4518
551.988
947.905
58.7786
274.972
145.177
981.78
619.984
292.245
922.483
367.534
694.54
218.635
155.919
240.547
521.439
902.28
106.418
902.646
441.725
80.1111
782.098
171.789
974.395
775.872
870.388
210.639
456.618
3.75378
750.633
114.048
404.706
311.136
992.615
38.5754
252.083
189.276
247.688
153.508
620.319
885.372
939.085
195.654
779.656
645.558
656.758
909.146
455.458
921.293
664.174
150.761
636.341
569.536
422.04
943.022
540.574
578.57
536.454
255.287
396.954
350.261
36.6222
795.251
196.509
70.2841
389.416
590.747
70.925
197.668
155.889
644.337
454.329
604.297
697.348
441.298
684.469
396.527
835.719
592.212
199.591
949.461
876.003
391.705
987.457
185.308
895.718
574.45
442.061
627.338
708.518
49.6231
285.562
260.201
407.636
895.322
710.196
728.446
896.054
393.567
397.412
903.867
308.603
388.104
570.574
353.557
733.695
745.354
736.381
739.433
139.317
200.171
272.591
680.441
911.13
367.84
517.655
109.378
907.437
203.07
517.96
654.836
438.52
687.643
90.4263
79.5618
75.7775
27.8024
355.083
307.23
697.287
142.674
394.848
67.8426
675.741
724.937
198.706
694.021
615.711
654.897
543.992
98.3001
545.366
49.6231
974.578
464.034
969.97
727.866
530.961
679.922
692.801
372.112
388.623
49.9588
809.778
169.561
60.8234
310.556
784.478
212.47
321.909
484.664
9.15555
439.863
507.859
605.945
758.538
401.074
349.803
842.647
942.32
623.31
997.284
53.4684
562.853
863.552
386.761
306.406
284.219
26.7037
612.568
391.186
18.6163
31.0373
455.702
857.936
936.766
401.898
727.287
611.591
808.374
875.423
582.598
595.019
79.0124
793.176
462.203
590.625
589.434
569.201
816.065
672.75
343.577
10.2237
267.312
341.563
232.093
771.02
371.746
869.869
116.855
725.578
628.925
893.948
183.02
535.569
902.005
780.084
965.209
197.363
901.547
797.418
953.398
848.811
890.347
628.712
185.461
616.932
264.992
250.649
732.2
788.11
170.934
713.889
480.941
81.4844
806.543
855.342
124.638
307.474
573.321
472.976
762.047
191.87
727.775
995.025
15.3508
647.633
691.641
174.139
72.1152
274.972
676.626
838.923
556.658
371.227
779.504
232.521
638.234
231.666
204.596
971.038
281.747
22.8889
769.219
151.83
46.968
9.24711
348.582
643.88
343.242
414.563
416.517
90.6705
545.183
699.271
337.992
657.521
876.247
535.478
570.025
53.9872
465.773
259.987
426.801
863.338
486.587
87.4355
565.813
709.403
778.466
864.223
850.551
293.008
864.376
644.917
746.849
828.639
765.618
871.914
908.322
912.534
521.958
440.168
107.639
354.015
823.054
427.717
169.836
0.854518
657.46
773.553
63.7226
89.816
385.662
683.889
807.611
154.088
142.857
48.4634
346.141
18.5553
978.423
647.633
53.6515
914.151
637.471
431.715
21.0578
242.592
391.949
654.012
781.884
22.8278
826.044
138.432
634.266
550.401
983.489
463.424
214.789
300.699
782.159
342.54
480.605
608.02
102.512
984.436
755.821
150.884
456.404
711.631
998.749
775.506
641.652
621.204
946.104
688.162
289.804
567.156
290.384
548.235
712.363
246.437
546.678
492.63
952.055
669.82
765.16
623.371
445.753
798.761
745.537
988.922
204.627
629.475
909.818
591.296
918.394
505.539
489.395
449.721
889.34
940.397
182.928
251.961
203.009
730.491
941.13
625.08
41.3526
641.346
34.5164
556.352
544.481
446.333
61.3727
996.033
127.75
600.909
50.3555
172.796
660.237
332.438
315.958
653.584
410.535
427.503
221.625
678.518
166.448
497.543
507.645
802.728
435.072
4.51674
339.488
375.896
128.574
827.326
733.299
891.14
643.33
650.594
514.481
733.97
737.175
957.091
465.835
363.262
112.186
904.66
821.223
454.787
108.676
869.442
761.376
39.1247
416.669
936.125
67.7511
164.861
211.28
116.916
591.113
118.351
618.274
580.096
690.298
731.559
915.647
669.729
298.502
808.863
378.185
997.497
772.515
204.413
170.568
388.256
181.219
580.981
195.624
960.143
190.252
381.726
303.995
120.823
198.157
46.2355
771.172
761.04
881.039
1.77007
448.622
426.374
801.538
461.348
494.858
749.382
238.502
559.404
92.7458
922.025
893.826
857.021
59.6332
490.89
632.038
747.215
756.066
255.745
909.909
791.986
199.622
552.843
51.2406
522.172
790.368
704.154
24.0486
731.742
553.362
914.212
875.546
796.93
305.429
394.94
481.887
52.5834
651.967
0.854518
768.578
756.188
219.733
154.759
57.5274
670.614
32.6853
345.866
697.867
798.151
436.262
981.719
635.548
295.297
476.974
874.355
79.2871
100.986
143.223
143.01
917.997
308.725
373.821
